100
8052 8385 2012 433 6126 1450 
6760 9284 2451 3496 3527 8241 
2778 8783 838 1892 1166 8047 
4667 9365 2809 1010 3514 4875 
8940 7135 4355 4305 7122 6358 
1115 2178 432 749 729 864 
5972 7475 716 1050 4628 2869 
7228 9507 3469 1516 6760 6012 
5029 5790 2261 3270 2982 4395 
9206 7146 665 234 3099 1188 
8261 5923 962 592 5492 3140 
8369 8782 1308 2219 7767 5923 
8555 8622 1029 2024 7124 6632 
9613 6985 883 151 3540 5735 
9231 9226 6127 419 6523 3670 
9459 4998 1931 2004 7493 2522 
5411 4492 4949 2455 5143 4194 
8292 9531 1010 3033 2900 9321 
8154 8826 727 7711 7943 8305 
6943 8943 4432 2666 6143 3658 
8018 9847 4700 4599 6335 6703 
9547 9362 3428 2002 3952 7919 
6212 8038 4593 7115 5138 7626 
9151 9878 5058 5466 7362 5667 
7589 6921 1609 4275 1682 6114 
6640 9905 1621 3622 2192 6240 
7573 6935 839 1969 4915 4417 
5552 9325 2074 146 2211 1694 
9353 6715 845 723 4383 1432 
9894 8896 3040 5646 3965 7590 
5812 6292 2567 2053 2671 5770 
5675 6441 2891 591 3865 2382 
6589 8799 1994 3721 6037 7730 
8124 4089 158 1371 3074 2462 
5520 8560 2356 1529 5335 2563 
9038 9392 5130 900 7340 1709 
8156 3447 3866 329 8000 1889 
6917 9184 5464 1866 5829 5716 
5422 9511 1179 1336 3840 5211 
5031 7735 2128 4691 3797 5173 
9263 8185 1403 3884 4212 7502 
9160 4608 3622 532 7085 3951 
7942 9748 2450 1391 6496 1961 
6752 6567 2569 5486 2727 6263 
3360 8599 865 5487 1295 6467 
9444 9763 1760 3162 2261 9212 
8430 8961 7045 668 8372 4562 
8486 9876 1058 232 6200 4600 
7327 9512 1562 5476 4027 8314 
8835 7453 1959 559 4577 4322 
7664 7763 1585 797 3921 826 
9453 7538 751 121 9108 5312 
7952 8133 6500 2552 7902 6568 
9695 9591 1461 471 6444 6936 
5771 3523 1565 1622 4168 1676 
9339 8830 5663 165 7124 6469 
9617 3116 1209 1320 5578 1960 
9221 8937 1198 6805 8853 7765 
4209 9805 215 2400 940 6261 
9407 7176 3973 2931 9336 6689 
8364 9285 176 2352 5882 9005 
7929 3756 1033 1045 1797 2232 
4191 4355 2243 8 3552 997 
5799 5917 1936 3642 4874 5088 
6835 7562 3050 449 4893 3525 
7737 8325 3471 2757 7624 5089 
7440 7602 122 5369 3789 5459 
9649 7091 1154 238 7995 2228 
4163 7626 1828 1663 1965 7053 
8497 5899 1268 2022 3528 3976 
7075 8271 3183 1414 3461 2781 
7293 4391 2688 2662 5202 4386 
9849 4213 657 1081 7122 2477 
7759 9053 3309 3512 4304 6394 
9922 5480 716 796 6361 3843 
7303 1666 245 98 4399 1474 
7390 9670 2887 326 5935 1634 
4057 6349 1757 1179 2291 4420 
7728 8363 2235 4732 6973 5746 
3689 7531 662 1457 1127 2631 
8110 9664 5855 8355 6417 8911 
5600 7425 35 3051 3380 5925 
9264 3684 8689 1450 9058 2931 
9279 3154 2994 1357 8422 1514 
8841 8492 3600 4113 5862 5056 
8185 9642 2494 2987 3226 8122 
8156 6489 890 999 6366 5581 
9687 9152 3996 1137 6222 3260 
6943 9936 15 3110 1141 5877 
3534 7646 1739 1814 2876 6475 
9998 9702 2454 2097 3114 7189 
7858 6541 176 1057 4568 5022 
9122 8809 1244 396 5052 8312 
5255 6774 1529 2669 1992 5102 
9649 7863 8545 1867 8635 6124 
3680 8008 317 3995 820 5260 
8562 9618 4962 4402 8183 6307 
9423 5820 5429 667 6253 4565 
8930 9757 1402 1600 2645 4636 
9406 9954 1320 3593 1727 7113 
