20
1000000 42641493 804289393
1000000 351251341 681692787
1000000 424238335 957747803
1000000 209989700 719885396
1000000 593124762 596516659
1000000 14764311 25202372
1000000 319151359 783368700
1000000 36909687 44897773
1000000 79661226 365180550
1000000 87099008 304089182
1000000 31522274 35005221
1000000 253443544 294702577
1000000 188089946 336465792
1000000 233665123 278722872
1000000 33180904 145174077
1000000 76242839 101513939
1000000 4454994 315634032
1000000 18498930 369133079
1000000 50330754 59961403
1000000 400128000 628175021