111
291
12
70
210
469
18
294
165
351
116
323
362
3
447
282
401
376
154
117
144
330
421
134
364
193
28
276
105
214
353
428
274
289
397
115
342
414
202
281
67
228
407
80
260
177
107
1
329
271
450
166
164
44
392
203
50
106
150
319
388
390
142
409
487
355
9
34
422
386
26
486
197
32
83
435
424
359
256
288
24
123
490
20
127
45
121
132
333
449
239
265
455
219
158
437
226
438
444
180
266
476
181
488
340
493
396
492
224
114
93
49
62
128
191
68
485
440
356
244
393
160
75
338
152
459
481
335
420
310
302
126
408
497
188
51
369
284
245
171
119
458
182
480
402
495
100
237
241
148
234
173
267
33
211
162
157
179
222
79
86
136
146
357
398
451
277
42
415
15
23
30
35
499
251
37
321
269
196
383
442
236
347
477
218
336
122
95
279
273
208
464
151
433
411
209
71
85
187
7
501
10
61
176
431
129
130
466
460
290
262
27
462
280
246
479
404
46
360
328
394
374
305
84
161
199
104
368
77
74
168
292
216
220
120
457
198
478
223
175
452
215
113
465
263
48
348
112
149
309
341
101
131
324
313
293
36
307
59
354
453
92
320
331
474
489
135
316
254
375
385
96
371
14
184
137
314
308
240
259
406
57
229
456
318
498
103
118
69
235
52
108
350
349
417
89
90
367
110
190
334
4
395
268
270
247
153
174
439
25
16
391
285
361
372
82
66
300
133
99
304
140
454
403
21
55
500
261
286
382
358
249
363
63
204
412
445
389
11
343
230
482
370
379
39
78
416
467
405
91
102
170
436
297
283
64
53
41
232
303
19
384
195
352
255
432
200
81
301
141
325
287
189
387
345
167
5
227
317
159
448
87
399
109
231
311
496
172
381
250
434
17
471
278
22
373
253
425
145
378
60
47
56
430
475
322
400
472
238
443
98
221
446
327
38
337
344
413
410
461
58
169
296
248
483
426
257
97
54
470
163
494
295
178
213
31
6
194
484
125
88
65
491
156
423
192
76
326
2
183
29
365
43
40
377
468
427
206
366
138
298
463
242
124
207
441
217
147
143
73
380
473
306
272
299
233
243
185
139
155
201
72
212
275
264
312
429
332
8
346
186
339
252
418
13
94
205
258
419
315
225
0
