5 12
none
4 2
26 0
none
1 39999
8 0
3 3
2 6
1 7
9 0
4 1
3 2
2 7
7 0
2 5
1 6
2 0
1 1
2 0
1 1
7 0
2 5
1 6
1 6
2 0
1 1
6 0
3 3
1 4
1 4
none
none
9 0
3 6
2 7
1 8
4 0
2 2
1 3
none
7 0
3 2
1 6
6 0
2 4
1 5
none
none
none
10 0
4 5
3 6
2 7
1 8
4 0
2 2
none
none
6 0
4 1
3 2
2 3
1 4
none
9 0
4 4
2 6
1 8
10 0
4 6
2 8
2 6
1 9
5 0
4 1
3 2
2 3
1 4
6 0
3 3
2 4
1 5
1 5
none
4 0
3 1
2 2
1 3
9 0
4 2
3 3
2 4
9 0
4 3
2 6
1 8
1 6
10 0
4 5
2 8
1 9
1 8
7 0
2 5
1 6
10297 29703
4 5480
4618 10911
4566 7182
2232 7934
37 35358
7686 10032
none
13 30014
7826 8813
none
none
2 18528
10 11733
4 14195
16026 0
7 9668
none
6783 24085
5 3806
27400 7514
11755 19659
19417 14989
24 2703
15149 23432
936 30985
13273 16674
11301 28699
3 14538
5 32692
6 36564
279 1488
9170 6254
39994 6
1 29038
none
2596 22546
none
1718 9230
2 1350
773 7159
4 7231
7 29667
6 13111
29588 0