8801
44545
-1
-1
-1
4519
7233
-1
-1
37856
28722
-1
-1
-1
7045
34790
46897
23493
-1
16813
-1
-1
-1
5138
32263
60379
1022
3099
-1
-1
10501
-1
547
15027
-1
8142
13531
-1
-1
-1
-1
-1
52479
-1
14444
21902
9469
5087
11289
18389
-1
-1
-1
12016
-1
74800
-1
-1
4858
51135
59137
27887
26832
-1
-1
35924
3195
-1
20263
10223
49428
34126
-1
-1
-1
8684
-1
45491
62261
-1
10427
23238
-1
-1
14333
-1
-1
45529
1967
-1
-1
-1
-1
-1
45140
2495
18320
13924
481
460
51893
18015
-1
40449
-1
20545
39153
-1
-1
40195
-1
13080
-1
-1
-1
20239
15079
-1
15829
-1
42323
-1
-1
-1
16997
397
-1
-1
1034
-1
10635
1343
13646
9917
-1
19892
1466
-1
-1
-1
7067
70363
63823
-1
22431
10902
-1
-1
47941
58661
-1
15890
-1
21051
-1
20680
-1
-1
49193
-1
1843
2129
4397
22613
-1
12929
78043
10591
2593
18508
47597
14567
4579
4693
50479
5363
57089
-1
14036
-1
-1
12082
35327
15629
39235
-1
-1
34165
58671
4576
8179
17109
-1
-1
-1
-1
-1
16182
14572
-1
8248
19143
-1
-1
10227
34149
-1
3257
62071
14329
7144
21021
4556
-1
33769
-1
5245
17909
14539
6738
79769
-1
-1
-1
11261
-1
8205
-1
-1
9798
-1
-1
27382
12047
3158
-1
27989
-1
20415
53421
-1
4532
6
25683
-1
71065
42709
2715
60133
5477
-1
7177
41027
16448
-1
78503
-1
-1
-1
-1
1207
19117
12475
37501
-1
-1
26777
8246
15499
5294
41425
2280
-1
-1
3275
4303
14117
-1
30479
60038
-1
6612
74727
289
35917
38414
45639
41422
4237
-1
-1
42305
52288
3787
-1
17202
5082
19187
-1
20512
-1
-1
15500
-1
5181
-1
-1
4289
49437
28493
1037
25499
49201
10305
-1
24998
-1
53957
1585
8218
-1
61333
24185
20324
-1
24287
-1
4365
-1
276
-1
13252
-1
-1
18673
-1
-1
-1
-1
-1
23337
-1
46196
-1
-1
-1
9060
-1
9479
43759
23187
69272
14582
-1
-1
-1
72643
-1
43287
53
-1
30685
-1
26946
79954
11787
50367
-1
-1
14805
22606
8293
4016
6636
33353
18114
-1
20418
43
31557
4829
8006
2740
-1
-1
-1
31877
12799
-1
-1
74262
12435
-1
9788
-1
-1
31697
6253
-1
-1
28823
9899
-1
13685
-1
-1
-1
-1
25073
4097
-1
-1
-1
-1
-1
19448
-1
3293
-1
52137
5662
2819
-1
24733
16575
68947
1522
-1
-1
51657
19869
20012
69894
4693
19191
74143
65243
53939
-1
-1
24194
-1
6172
8067
-1
-1
51641
39835
58360
13979
-1
697
46948
6920
1409
4904
7381
1084
75401
-1
-1
17914
29835
250
1864
21644
2216
13321
11176
7649
-1
35879
-1
13664
-1
-1
46894
-1
-1
18592
4900
42537
-1
-1
-1
51216
-1
1507
10571
-1
7213
-1
-1
33612
-1
-1
9089
-1
15958
54255
4757
3819
-1
79814
31972
47440
74691
-1
-1
26492
26127
3852
74277
-1
25297
8239
31279
38069
-1
52617
-1
13099
41006
26558
-1
53131
23349
-1
-1
25801
-1
14703
2289
9346
11245
-1
74283
-1
-1
5812
81437
17077
16487
17409
10538
-1
-1
-1
6985
-1
-1
-1
-1
-1
-1
8450
1547
-1
13279
-1
-1
4579
60486
15254
5539
-1
-1
-1
-1
18875
9105
41321
3685
11658
10207
399
18175
8033
-1
574
38985
4891
-1
2121
-1
53969
7851
20611
2461
-1
-1
31663
-1
-1
10307
8335
2705
2333
5942
-1
2032
-1
-1
47261
439
-1
4059
-1
-1
-1
39821
14101
14069
-1
44911
-1
-1
-1
4471
1816
-1
1714
-1
42888
18385
-1
11900
-1
42875
-1
11800
9163
4825
52111
22845
93860
-1
-1
26721
-1
-1
-1
-1
-1
40736
1041
11587
26082
35695
-1
24497
1748
6384
-1
-1
-1
95
14595
-1
49133
-1
29647
24077
70773
29177
1989
-1
49736
-1
-1
10335
58495
-1
12176
6448
-1
-1
-1
-1
-1
4469
5641
391
-1
89499
-1
1748
6941
73602
-1
10225
-1
9729
29756
-1
11939
11144
23923
-1
-1
42616
23167
3062
5203
5797
3907
-1
-1
25227
-1
24686
-1
-1
1065
42400
28169
65669
-1
2339
79112
9317
77281
40639
18163
-1
36343
-1
6213
12574
-1
29043
16290
31706
11792
27277
15227
-1
6887
28635
2968
36028
57930
1116
20236
2842
2356
3081
19221
56101
-1
26178
6286
-1
3191
-1
-1
33957
-1
63149
-1
9039
1926
58289
-1
-1
566
-1
2280
31997
23571
36767
98633
29783
-1
-1
-1
9923
4640
26256
67447
8269
30083
19978
-1
-1
-1
30953
37423
-1
28949
-1
-1
62986
11299
4846
39341
-1
41140
2464
-1
-1
11045
22885
18475
31198
-1
-1
45663
-1
-1
24145
32013
14939
-1
47807
25830
27595
8065
22857
-1
13416
-1
-1
-1
49172
54644
18637
372
-1
-1
-1
-1
11243
-1
-1
-1
39897
-1
22977
-1
51505
25
-1
-1
-1
-1
13957
12664
22032
-1
-1
22241
-1
32779
34028
24441
6751
-1
68241
-1
-1
-1
-1
9135
-1
4155
-1
-1
-1
18117
-1
91
-1
1205
77309
31209
-1
-1
-1
2249
-1
46041
919
7771
5389
-1
-1
12971
28396
-1
7590
18899
1349
3861
20611
-1
9340
33769
5892
-1
15091
-1
53824
4759
-1
2876
13717
50335
85721
-1
29254
7982
1633
-1
32821
-1
-1
-1
3208
-1
25539
-1
-1
46762
-1
-1
-1
32921
6987
-1
40980
-1
-1
40043
9213
2351
-1
-1
-1
46862
25071
51544
55614
595
-1
-1
5449
9884
-1
28188
89
-1
67839
-1
3747
-1
7205
-1
-1
-1
-1
57929
4577
2089
90981
7783
28391
28813
-1
54484
-1
-1
34195
41324
-1
77534
-1
-1
-1
15223
-1
-1
41127
5105
-1
64669
-1
10772
-1
9117
50376
42644
7459
57603
52236
6643
-1
20879
-1
-1
28273
33149
14291
671
-1
10421
-1
-1
48487
19172
6653
-1
-1
589
18012
34477
2376
36195
-1
13950
1318
-1
19212
5486
-1
-1
-1
-1
-1
52835
43499
31901
33563
-1
3365
73639
883
-1
23741
29225
-1
-1
30282
13213
12664
-1
-1
-1
-1
31518
-1
2491
35128
-1
5599
-1
43835
-1
-1
14241
13147
46921
64881
-1
3169
-1
-1
155
-1
-1
-1
-1
-1
13745
25362
-1
15821
2821
-1
6877
93118
-1
-1
-1
9529
-1
10939
23905
-1
-1
35789
27636
25523
86182
-1
63492
-1
5922
1906
9326
3721
7408
4604
75237
-1
-1
71031
-1
-1
10835
15299
-1
-1
17369
-1
12362
19435
39422
713
-1
-1
4191
7670
-1
18814
26773
-1
36899
54284
-1
-1
14287
10470
8799
16204
226
-1
20208
3296
-1
-1
7980
2402
42539
-1
6414
2170
4401
37721
-1
44090
-1
35170
-1
-1
43129
19563
-1
-1
12131
19355
6265
-1
50089
34347
-1
5795
65560
-1
30023
1193
9159
-1
6576
46843
-1
2348
12994
69689
15749
-1
3991
-1
4232
17789
80647
-1
15919
32375
-1
29665
21523
12454
47483
-1
-1
200
63274
7061
4651
51587
-1
1801
-1
3191
32839
16100
-1
797
64658
-1
346
-1
-1
-1
35801
-1
31121
-1
23509
74996
-1
2833
17512
-1
13395
-1
11527
-1
24391
16753
73383
41
-1
1383
-1
4422
35616
-1
-1
51057
4313
36299
35070
-1
2213
35375
68478
-1
12353
-1
10313
10389
75549
40907
-1
-1
17245
-1
-1
743
-1
-1
43617
37501
8441
7823
-1
21819
58615
-1
12970
44689
-1
-1
7659
12589
50344
1049
-1
-1
-1
-1
13465
-1
-1
17071
14
-1
-1
35087
-1
-1
-1
11384
-1
664
-1
-1
6356
17919
-1
-1
88585
9435
67128
15055
-1
22522
53212
52604
5133
31732
2606
15241
3385
-1
51787
23145
-1
-1
13159
40993
9305
-1
-1
42197
685
4811
79206
62047
32021
-1
61949
7975
-1
32030
-1
-1
52911
-1
15095
7326
-1
9926
6098
33169
51388
18971
62251
43251
34578
-1
-1
25657
10573
19933
-1
-1
15887
-1
11821
-1
-1
23919
-1
31865
3606
35409
5427
14708
59386
6779
5294
2609
3691
9253
-1
55322
73540
48818
21699
-1
13075
4541
5011
30300
-1
17464
223
18332
2393
-1
-1
37211
-1
28491
37292
17764
-1
-1
-1
309
-1
47500
64943
46727
-1
2191
7882
22997
4735
7423
42661
4967
27675
6766
-1
-1
52014
6397
8845
9329
42133
-1
51643
-1
-1
10282
-1
19361
42061
-1
7491
53047
1472
35192
7540
19731
-1
-1
283
75948
84891
38329
2275
80905
-1
3752
37680
80553
62167
-1
-1
4009
-1
1795
-1
18651
-1
10769
-1
-1
36491
42428
-1
9810
1714
20893
61947
-1
39373
2882
28544
9873
-1
-1
13097
57976
13827
20041
34504
57043
4134
37235
36139
-1
-1
-1
-1
-1
-1
36475
27859
46771
6903
-1
-1
5681
37913
-1
-1
-1
-1
38410
-1
28524
18712
-1
-1
6629
12467
-1
-1
9669
29583
2280
43983
53392
-1
-1
-1
60925
3244
17501
41322
-1
-1
-1
-1
-1
5077
91439
33553
11054
6309
-1
45129
-1
-1
4081
-1
893
40057
30335
1966
6835
28579
73647
61465
1515
-1
11425
15127
-1
-1
-1
5323
32682
28267
-1
26075
20813
23212
-1
-1
1354
91
-1
29471
5638
5579
-1
-1
-1
54289
14145
10781
7362
56953
42776
23257
269
-1
-1
-1
3524
-1
67318
42669
7781
34274
-1
14382
-1
-1
14289
-1
800
1590
69446
-1
-1
20710
-1
-1
-1
-1
40569
-1
-1
7285
-1
-1
4836
-1
14278
9146
-1
-1
7061
21617
60929
147
-1
5456
397
-1
-1
33623
-1
-1
2173
-1
1815
-1
-1
402
11072
-1
1209
-1
-1
-1
113
-1
5311
-1
-1
11657
5219
5937
7651
-1
65274
-1
57376
-1
-1
-1
48710
4145
9485
62701
9747
41087
-1
-1
-1
-1
41972
-1
-1
-1
-1
55768
37611
25579
-1
16888
-1
1450
2382
37062
33371
-1
-1
91019
51297
4082
68018
-1
-1
18259
-1
15410
54514
286
-1
-1
-1
15486
-1
4253
-1
6116
17337
-1
10839
-1
-1
3773
12643
8596
36815
34132
64189
60715
17333
-1
67367
16934
-1
-1
20583
69509
21769
41338
7341
2479
43528
-1
9109
-1
29765
-1
8925
9960
63243
-1
34063
50225
-1
26501
47463
9371
24096
17223
23597
30254
14647
57930
20015
7171
387
455
-1
24434
22431
14557
-1
-1
8689
10351
14886
-1
14791
8267
31308
-1
40661
21616
31653
35791
18599
-1
-1
35770
-1
-1
65370
27151
17552
14189
-1
-1
10869
-1
17369
745
4239
44742
38219
17949
-1
-1
-1
5901
-1
17336
4015
-1
46279
-1
-1
-1
28565
23881
34577
677
61401
5031
255
7877
-1
-1
-1
-1
44381
1993
-1
35563
-1
7655
10128
2611
64125
-1
-1
5206
2718
61384
-1
-1
-1
45983
22986
31183
-1
-1
14941
63747
39214
-1
18389
-1
-1
13696
675
-1
-1
-1
-1
1878
-1
148
-1
10888
-1
-1
23332
17410
-1
29667
7989
-1
11383
16945
-1
-1
70629
5867
-1
-1
5432
7349
13329
7409
26461
36430
-1
-1
3341
-1
43261
-1
24945
92663
33836
4271
55514
58303
83060
65491
38024
-1
9311
60397
-1
31453
2967
24597
44845
49625
1922
4517
14249
-1
-1
85926
-1
9953
3052
41444
-1
30767
17087
-1
-1
-1
32853
29087
24306
-1
20871
3481
15721
20327
-1
-1
-1
-1
26465
13029
6229
16663
18601
45763
763
62342
26884
-1
77
-1
6384
-1
-1
21134
69626
25747
5827
6751
9734
16757
38604
19521
-1
24489
-1
-1
36103
14261
-1
-1
9248
25937
-1
-1
12527
5677
-1
47924
68917
-1
4118
-1
-1
-1
61284
56112
24773
1927
889
-1
4030
6733
-1
-1
42591
-1
21922
45703
-1
43443
-1
8433
15581
401
-1
4166
8222
46907
12419
40563
12279
-1
22062
-1
33675
9607
26432
15408
3595
-1
-1
-1
47085
-1
10915
38989
42727
-1
-1
22084
15575
4335
-1
-1
41094
-1
26601
16793
19035
12850
-1
23287
-1
3336
48989
19767
81727
-1
-1
-1
9601
-1
1587
-1
74049
14174
-1
16367
-1
3787
-1
55037
17188
-1
37137
12997
57901
1715
-1
4669
-1
-1
9023
-1
48710
10257
6015
-1
30329
-1
-1
-1
-1
-1
24920
-1
27944
-1
61090
30143
-1
-1
-1
3175
40204
-1
7588
6733
5045
23948
-1
37261
-1
-1
25343
-1
7772
-1
10385
-1
64250
-1
-1
20794
-1
-1
-1
12032
28561
-1
24358
-1
-1
-1
-1
6689
15796
61691
534
33517
-1
-1
7607
8122
-1
-1
-1
15067
-1
-1
-1
3967
-1
-1
-1
3403
68853
44526
-1
27265
-1
30337
-1
-1
23179
35501
35651
91956
11104
-1
34357
51569
-1
-1
48045
-1
-1
14371
-1
-1
-1
-1
-1
-1
14627
64724
28991
4783
-1
2415
-1
-1
634
-1
14527
83319
75201
36299
8153
22192
-1
-1
26369
-1
2743
-1
59
-1
69892
-1
-1
40061
839
32916
9881
60123
1232
-1
13301
-1
16273
-1
-1
113
7031
-1
-1
-1
41558
98302
3884
-1
38220
15083
30137
-1
19259
-1
28291
8252
-1
-1
-1
-1
4133
24375
409
43793
28043
-1
1411
3451
-1
13857
-1
28399
-1
3949
14659
5581
-1
-1
-1
54209
5473
-1
-1
16984
16656
39275
2522
-1
-1
309
-1
9266
85069
47383
2486
6517
6163
82889
4373
9926
40130
38663
32641
-1
41459
2623
-1
-1
8111
7987
82800
20446
16646
-1
-1
24849
13531
39395
-1
-1
-1
27958
11380
-1
-1
20313
54253
-1
-1
11735
-1
67558
-1
-1
16280
38563
-1
79545
822
41077
-1
3471
-1
-1
51742
-1
13615
23009
10987
5057
-1
23969
25322
14872
79393
16957
13655
-1
35106
-1
54083
-1
55352
-1
-1
-1
14567
47819
-1
25759
7295
-1
-1
-1
-1
8495
-1
-1
48063
-1
28922
50079
34773
-1
22249
-1
3728
38468
-1
-1
45203
21484
-1
-1
20298
78223
-1
-1
-1
9807
3481
967
64261
13957
23524
-1
-1
65470
31957
40790
58179
16510
46641
-1
804
62041
66123
-1
66957
3436
67221
-1
-1
33305
-1
-1
-1
-1
-1
70151
10883
19017
2402
43394
3123
31285
-1
-1
-1
89133
-1
4444
-1
72404
23037
-1
74636
-1
22443
35132
-1
84857
49657
3696
-1
16798
11997
-1
-1
15983
-1
1223
-1
-1
10369
-1
-1
7869
-1
4273
5326
-1
34178
22581
4457
-1
27758
-1
35951
-1
-1
-1
77765
-1
28673
-1
-1
-1
93502
6441
-1
-1
13638
2729
29799
-1
18957
8437
32881
-1
7180
23096
-1
-1
10037
13422
3993
-1
-1
7113
46700
31283
8934
-1
-1
-1
-1
53299
-1
46087
11783
8505
26341
47624
37384
64780
13953
-1
70443
24611
36898
37820
